-1.5 0 0 0
-1.75 0 0.0436731 0
-1.99976 -0.0109148 0.0873462 0
-2.24881 -0.0327236 0.177875 0
-2.49486 -0.0769583 0.268404 0
-2.73591 -0.143256 0.382556 0
-2.96784 -0.23658 0.496709 0
-3.18763 -0.355713 0.664738 0
-3.3844 -0.509927 0.832767 0
-3.55261 -0.694876 1.0008 0
-3.68752 -0.905351 1.16883 0
-3.78532 -1.13542 1.33081 0
-3.84475 -1.37826 1.49279 0
-3.86423 -1.6275 1.53355 0
-3.87354 -1.87733 1.57431 0
-3.87266 -2.12732 1.57431 0
-3.87178 -2.37732 1.57431 0
-3.8709 -2.62732 1.5714 0
-3.87075 -2.87732 1.56849 0
-3.87133 -3.12732 1.54812 0
-3.877 -3.37726 1.52776 0
-3.88776 -3.62702 1.50739 0
-3.9036 -3.87652 1.48702 0
-3.92451 -4.12565 1.46084 0
-3.95195 -4.37414 1.43465 0
-3.98588 -4.62182 1.20824 0
-4.07455 -4.85557 0.981824 0
-4.21343 -5.06345 0.76786 0
-4.39328 -5.2371 0.553897 0
-4.6059 -5.3686 0.346124 0
-4.84107 -5.45341 0.138351 0
-4.59346 -5.41893 0.138351 1
-4.34585 -5.38446 0.138351 1
-4.09824 -5.34998 0.138351 1
-3.85062 -5.3155 0.138351 1
-3.60301 -5.28103 0.138351 1
-3.3554 -5.24655 0.138351 1
-3.10779 -5.21207 0.138351 1
-2.86018 -5.17759 0.138351 1
-2.61257 -5.14312 0.138351 1
-2.36496 -5.10864 0.138351 1
-2.11735 -5.07416 0.138351 1
-1.86974 -5.03968 0.138351 1
-1.62212 -5.00521 0.138351 1
-1.37451 -4.97073 0.138351 1
-1.1269 -4.93625 0.138351 1
-0.87929 -4.90177 0.138351 1
-0.631679 -4.8673 0.138351 1
-0.384068 -4.83282 0.138351 1
-0.136457 -4.79834 0.138351 1
0.111154 -4.76386 0.138351 1
0.358765 -4.72939 0.138351 1
0.606377 -4.69491 0.138351 1
0.853988 -4.66043 0.138351 1
1.1016 -4.62595 0.138351 1
1.34921 -4.59148 0.138351 1
1.59682 -4.557 0.138351 1
1.84443 -4.52252 0.138351 1
2.09204 -4.48804 0.138351 1
2.33966 -4.45357 0.138351 1
2.58727 -4.41909 0.138351 1
2.83488 -4.38461 0.138351 1
3.08249 -4.35013 0.138351 1
3.3301 -4.31566 0.138351 1
3.57771 -4.28118 0.138351 1
3.82532 -4.2467 0.138351 1
4.07293 -4.21222 0.138351 1
4.32054 -4.17775 0.138351 1
4.56816 -4.14327 0.138351 1
4.81577 -4.10879 0.138351 1
5.06338 -4.07431 0.138351 1
5.31099 -4.03984 0.138351 1
5.5586 -4.00536 0.138351 1
5.80621 -3.97088 0.138351 1
6.05382 -3.9364 0.138351 1
6.30143 -3.90193 0.138351 1
6.54905 -3.86745 0.138351 1
6.79666 -3.83297 0.138351 1
7.04427 -3.7985 0.138351 1
7.29188 -3.76402 0.138351 1
7.53949 -3.72954 0.138351 1
7.7871 -3.69506 0.138351 1
8.03471 -3.66059 0.138351 1
8.28232 -3.62611 0.138351 1
8.52994 -3.59163 0.138351 1
8.77755 -3.55715 0.138351 1
9.02516 -3.52268 0.138351 1
9.27277 -3.4882 0.138351 1
9.52038 -3.45372 0.138351 1
9.76799 -3.41924 0.138351 1
10.0156 -3.38477 0.138351 1
10.2632 -3.35029 0.138351 1
10.5108 -3.31581 0.138351 1
10.7584 -3.28133 0.138351 1
11.006 -3.24686 0.138351 1
11.2537 -3.21238 0.138351 1
11.5013 -3.1779 0.138351 1
11.7489 -3.14342 0.138351 1
11.9965 -3.10895 0.138351 1
12.2441 -3.07447 0.138351 1
12.4917 -3.03999 0.138351 1
12.7393 -3.00551 0.138351 1
12.9869 -2.97104 0.138351 1
13.2345 -2.93656 0.138351 1
13.4822 -2.90208 0.138351 1
13.7298 -2.8676 0.138351 1
13.9774 -2.83313 0.138351 1
14.225 -2.79865 0.138351 1
14.4726 -2.76417 0.138351 1
14.7202 -2.72969 0.138351 1
14.9678 -2.69522 0.138351 1
15.2154 -2.66074 0.138351 1
15.463 -2.62626 0.138351 1
15.7107 -2.59178 0.138351 1
15.9583 -2.55731 0.138351 1
16.2059 -2.52283 0.138351 1
16.4535 -2.48835 0.138351 1
16.7011 -2.45388 0.138351 1
16.9487 -2.4194 0.138351 1
17.1963 -2.38492 0.138351 1
17.4439 -2.35044 0.138351 1
17.6915 -2.31597 0.138351 1
17.9392 -2.28149 0.138351 1
18.1868 -2.24701 0.138351 1
18.4344 -2.21253 0.138351 1
18.682 -2.17806 0.138351 1
18.9296 -2.14358 0.138351 1
19.1772 -2.1091 0.138351 1
19.4248 -2.07462 0.138351 1
19.6724 -2.04015 0.138351 1
19.9201 -2.00567 0.138351 1
20.1677 -1.97119 0.138351 1
20.4153 -1.93671 0.138351 1
20.6629 -1.90224 0.138351 1
20.9105 -1.86776 0.138351 1
21.1581 -1.83328 0.138351 1
21.4057 -1.7988 0.138351 1
21.6533 -1.76433 0.138351 1
21.9009 -1.72985 0.138351 1
22.1486 -1.69537 0.138351 1
22.3962 -1.66089 0.138351 1
22.6438 -1.62642 0.138351 1
22.8914 -1.59194 0.138351 1
23.139 -1.55746 0.138351 1
23.3866 -1.52298 0.138351 1
23.6342 -1.48851 0.138351 1
23.8818 -1.45403 0.138351 1
24.1294 -1.41955 0.138351 1
24.3771 -1.38507 0.138351 1
24.6247 -1.3506 0.138351 1
24.8723 -1.31612 0.138351 1
25.1199 -1.28164 0.138351 1
25.3675 -1.24716 0.138351 1
25.6151 -1.21269 0.138351 1
25.8627 -1.17821 0.138351 1
26.1103 -1.14373 0.138351 1
26.3579 -1.10925 0.138351 1
26.6056 -1.07478 0.138351 1
26.8532 -1.0403 0.138351 1
27.1008 -1.00582 0.138351 1
27.3484 -0.971345 0.138351 1
27.596 -0.936868 0.138351 1
27.8436 -0.90239 0.138351 1
28.0912 -0.867913 0.138351 1
28.3388 -0.833435 0.138351 1
28.5864 -0.798958 0.138351 1
28.8341 -0.76448 0.138351 1
29.0817 -0.730003 0.138351 1
29.3293 -0.695526 0.138351 1
29.5769 -0.661048 0.138351 1
29.8245 -0.626571 0.138351 1
30.0721 -0.592093 0.138351 1
30.3197 -0.557616 0.138351 1
30.5673 -0.523138 0.138351 1
30.8149 -0.488661 0.138351 1
31.0626 -0.454184 0.138351 1
31.3102 -0.419706 0.138351 1
31.5578 -0.385229 0.138351 1
31.8054 -0.350751 0.138351 1
32.053 -0.316274 0.138351 1
32.3006 -0.281796 0.138351 1
32.5482 -0.247319 0.138351 1
32.7958 -0.212841 0.138351 1
33.0434 -0.178364 0.138351 1
33.2911 -0.143887 0.138351 1
33.5387 -0.109409 0.138351 1
33.7863 -0.0749317 0.138351 1
34.0339 -0.0404542 0.138351 1
34.2815 -0.00609079 0.121644 1
34.5313 8.88178e-16 0 1
34.2813 0 0 0
34.0313 8.88178e-16 0 0
33.7813 0 0 0
33.5313 8.88178e-16 0 0
33.2813 0 0 0
33.0313 0 0 0
32.7813 0 0 0
32.5313 0 0 0
32.2813 0 0 0
32.0313 0 0 0
31.7813 0 0 0
31.5313 8.88178e-16 0 0
31.2813 8.88178e-16 0 0
31.0313 8.88178e-16 0 0
30.7813 0 0 0
30.5313 8.88178e-16 0 0
30.2813 8.88178e-16 0 0
30.0313 8.88178e-16 0 0
29.7813 8.88178e-16 0 0
29.5313 8.88178e-16 0 0
29.2813 8.88178e-16 0 0
29.0313 1.77636e-15 0 0
28.7813 8.88178e-16 0 0
28.5313 0 0 0
28.2813 8.88178e-16 0 0
28.0313 8.88178e-16 0 0
27.7813 8.88178e-16 0 0
27.5313 8.88178e-16 0 0
27.2813 8.88178e-16 0 0
27.0313 8.88178e-16 0 0
26.7813 0 0 0
26.5313 0 0 0
26.2813 0 0 0
26.0313 0 0 0
25.7813 8.88178e-16 0 0
25.5313 0 0 0
25.2813 8.88178e-16 0 0
25.0313 8.88178e-16 0 0
24.7813 8.88178e-16 0 0
24.5313 0 0 0
24.2813 8.88178e-16 0 0
24.0313 0 0 0
23.7813 0 0 0
23.5313 0 0 0
23.2813 0 0 0
23.0313 0 0 0
22.7813 0 0 0
22.5313 0 0 0
22.2813 0 0 0
22.0313 8.88178e-16 0 0
21.7813 0 0 0
21.5313 8.88178e-16 0 0
21.2813 0 0 0
21.0313 0 0 0
20.7813 0 0 0
20.5313 8.88178e-16 0 0
20.2813 0 0 0
20.0313 0 0 0
19.7813 0 0 0
19.5313 0 0 0
19.2813 0 0 0
19.0313 0 0 0
18.7813 0 0 0
18.5313 0 0 0
18.2813 0 0 0
18.0313 0 0 0
17.7813 0 0 0
17.5313 0 0 0
17.2813 0 0 0
17.0313 0 0 0
16.7813 8.88178e-16 0 0
16.5313 8.88178e-16 0 0
16.2813 0 0 0
16.0313 0 0 0
15.7813 0 0 0
15.5313 0 0 0
15.2813 0 0 0
15.0313 8.88178e-16 0 0
14.7813 0 0 0
14.5313 0 0 0
14.2813 0 0 0
14.0313 0 0 0
13.7813 0 0 0
13.5313 0 0 0
13.2813 0 0 0
13.0313 0 0 0
12.7813 0 0 0
12.5313 0 0 0
12.2813 0 0 0
12.0313 0 0 0
11.7813 0 0 0
11.5313 0 0 0
11.2813 0 0 0
11.0313 0 0 0
10.7813 0 0 0
10.5313 0 0 0
10.2813 0 0 0
10.0313 0 0 0
9.78127 0 0 0
9.53127 0 0 0
9.28127 0 0 0
9.03127 0 0 0
8.78127 8.88178e-16 0 0
8.53127 8.88178e-16 0 0
8.28127 0 0 0
8.03127 0 0 0
7.78127 0 0 0
7.53127 0 0 0
7.28127 0 0 0
7.03127 0 0 0
6.78127 0 0 0
6.53127 0 0 0
6.28127 0 0 0
6.03127 0 0 0
5.78127 0 0 0
5.53127 0 0 0
5.28127 8.88178e-16 0 0
5.03127 8.88178e-16 0 0
4.78127 8.88178e-16 0 0
4.53127 0 0 0
4.28127 1.77636e-15 0 0
4.03127 8.88178e-16 0 0
3.78127 0 0 0
3.53127 8.88178e-16 0 0
3.28127 8.88178e-16 0 0
3.03127 8.88178e-16 0 0
2.78127 0 0 0
2.53127 0 0 0
2.5 0 0 0
