-3.5 -3 1.57079 1
-3.5 -2.75 1.57079 1
-3.5 -2.5 1.57079 1
-3.5 -2.25 1.57079 1
-3.5 -2 1.57079 1
-3.5 -1.75 1.5737 1
-3.50073 -1.5 1.57661 1
-3.50218 -1.25001 1.57661 1
-3.50363 -1.00001 1.57661 1
-3.50509 -0.750014 1.57661 1
-3.50654 -0.500018 1.57661 1
-3.508 -0.250022 1.57661 1
-3.50945 -2.643e-05 1.57661 1
-3.5109 0.249969 1.57661 1
-3.52099 0.499498 1.72148 1
-3.59514 0.737244 2.02479 1
-3.73692 0.941991 2.3281 1
-3.93338 1.09504 2.63141 1
-4.16659 1.18243 2.93472 1
-4.41538 1.20001 3.14159 1
-4.16538 1.20001 3.14159 0
-3.91538 1.20001 3.14159 0
-3.66538 1.20001 3.14159 0
-3.41538 1.20001 3.14159 0
-3.16538 1.20001 3.14159 0
-2.91538 1.20001 3.14159 0
-2.66538 1.2 3.14159 0
-2.41538 1.2 3.14159 0
-2.16538 1.2 3.14159 0
-1.91538 1.2 3.14159 0
-1.66538 1.2 3.14159 0
-1.41538 1.2 3.14159 0
-1.16538 1.2 3.14159 0
-1 1.2 3.14159 0
