-1.5 0 0 1
-1.97201 -0.164935 0.336162 0
-2.45141 -0.306997 0.28809 0
-2.94709 -0.37258 0.131542 0
-3.42843 -0.237274 -0.274025 0
-3.90423 -0.0835887 -0.312426 0
-4.38764 0.0441343 -0.258306 0
-3.95978 -0.214592 -0.543871 1
-3.68326 -0.631166 -0.984774 1
-3.58894 -1.12219 -1.38102 1
-3.70785 -1.60784 -1.81092 1
-3.84968 -2.08731 -1.8584 1
-3.92366 -2.5818 -1.71931 1
-3.95612 -3.08075 -1.63577 1
-3.86222 -3.57185 -1.38187 1
-3.86513 -4.07184 -1.57661 1
-3.93642 -4.56673 -1.71386 1
-3.90423 -5.0657 -1.50638 1
-3.67725 -5.5112 -1.09958 1
-3.29494 -5.83345 -0.700345 1
-2.89742 -6.13673 -0.651735 1
-2.43376 -6.32386 -0.383608 1
-1.94969 -6.44906 -0.253087 1
-1.47782 -6.61441 -0.337039 1
-0.978699 -6.58476 0.304044 1
-0.573739 -6.56071 0.304044 1
-0.0966727 -6.41102 0.523662 1
0.336324 -6.16099 0.933463 1
0.63385 -5.75915 1.08083 1
0.869147 -5.31798 1.30759 1
0.999236 -4.8352 1.59671 1
0.98628 -4.33536 1.55766 1
0.992844 -3.83541 1.87613 1
0.842539 -3.35853 1.60632 1
0.824777 -2.85885 1.61092 1
0.804722 -2.35925 1.11686 1
1.02397 -1.90989 1.07574 1
1.26152 -1.46992 1.21513 1
1.43562 -1.00121 0.94296 1
1.72932 -0.596558 0.884627 1
2.04611 -0.209718 0.43282 1
2.5 0 0 1
